156
18598
21840
38720
49379
60187
73153
80878
97722
94868
102678
121434
141214
141156
157061
172326
197729
193658
209330
203447
213904
232099
230487
291226
311873
354159
330856
353066
377190
356877
344543
437341
473202
399176
405408
407607
403618
408491
434858
454983
484834
521574
492154
488810
599528
507239
484028
534889
557532
512931
575291
578885
611019
652450
659783
616171
647948
657678
629799
642059
703965
702796
742093
718561
728121
726616
709746
734824
753801
754517
810284
846868
830176
818501
826404
868059
856674
962775
824935
904464
963120
907282
993717
963199
979771
1033402
1020043
1049243
1021600
977507
1038677
1013237
1200879
1072211
1184750
1220276
1153196
1195175
1274271
1302302
