64
67
59
58
75
76
80
80
72
63
55
62
91
75
78
76
80
81
70
75
79
80
79
80
85
83
90
90
86
92
80
99
94
105
112
99
95
87
94
111
106
105
136
105
102
107
101
120
112
323
114
136
133
70
108
96
128
102
107
611
113
112
122
108
96
107
107
112
105
114
101
104
99
102
100
102
111
106
114
103
109
95
102
106
102
108
115
130
115
108
141
116
116
124
112
115
131
108
119
112
267
98
114
112
114
122
121
128
120
135
107
126
132
115
113
119
126
110
103
119
121
132
116
125
114
145
128
141
133
125
172
137
125
120
135
145
139
136
140
128
138
121
134
127
132
125
132
137
126
285
301
124
145
128
146
156
130
150
189
192
197
205
174
185
142
143
152
128
143
129
134
150
139
149
146
158
143
331
150
137
147
166
194
190
192
263
255
409
236
291
188
223
241
207
196
171
187
214
187
172
217
220
197
191
210
525
161
317
303
154
304
206
174
153
150
154
150
339
165
201
202
190
190
203
345
339
155
173
155
163
509
315
154
148
134
144
144
124
126
140
147
127
134
156
147
138
144
376
138
144
136
142
137
144
144
140
145
134
139
137
150
153
132
138
145
139
164
132
133
131
140
125
144
154
128
157
143
145
131
142
132
136
149
142
143
139
139
128
129
136
153
137
137
123
135
134
131
132
133
133
143
137
129
135
126
124
126
120
136
129
134
141
138
428
140
140
303
131
146
134
147
132
132
131
143
136
161
142
140
139
146
138
135
144
143
150
134
128
149
139
144
140
142
138
149
140
291
139
134
137
144
140
144
125
133
138
136
137
145
139
131
138
134
141
118
134
138
136
125
136
139
131
135
125
131
124
141
129
131
129
140
138
130
140
135
137
143
133
144
140
166
138
143
138
142
139
136
148
133
142
158
133
144
137
141
160
137
143
142
148
137
147
140
141
139
146
145
144
143
135
146
141
141
144
140
157
149
143
149
139
140
143
149
130
137
142
143
149
150
145
146
139
142
355
146
149
143
173
151
144
152
143
140
144
205
181
151
150
330
147
136
136
139
151
148
144
198
172
150
149
142
148
152
151
145
204
168
168
170
146
165
153
156
146
141
178
159
184
180
158
172
159
147
154
161
149
147
150
151
143
148
144
155
159
151
148
150
163
142
142
149
153
151
161
160
148
149
148
155
145
143
133
139
136
133
137
148
156
139
161
156
155
160
133
136
140
132
132
150
137
141
148
143
147
153
137
135
144
143
152
149
145
148
141
144
154
134
144
141
149
141
154
152
170
142
140
167
128
140
143
144
150
221
140
147
156
138
151
145
153
141
160
154
156
135
141
143
148
153
142
153
146
150
143
147
146
279
151
143
137
141
157
159
159
159
150
158
145
149
156
169
151
148
157
143
144
145
149
154
151
141
151
156
154
164
161
163
163
148
143
146
146
152
153
170
141
141
144
140
144
158
146
461
159
168
143
140
153
147
156
156
150
155
171
141
137
158
161
145
158
152
158
157
156
178
158
154
164
155
168
171
179
152
169
163
273
502
206
218
191
231
281
190
179
201
173
185
162
164
167
163
154
174
161
150
165
161
168
169
148
155
152
166
149
154
159
161
178
289
201
243
279
251
231
236
188
391
486
235
193
189
179
170
170
181
327
154
174
159
149
148
150
160
152
164
170
150
155
169
156
167
160
154
153
156
160
158
157
149
152
149
155
156
151
166
155
164
167
144
188
184
158
156
155
161
149
278
147
153
165
165
159
161
160
162
155
155
159
148
160
168
162
151
149
158
159
156
160
168
172
180
147
158
154
151
172
183
164
159
155
153
165
158
156
149
161
169
162
145
162
166
163
158
162
167
174
165
167
168
166
167
172
180
329
152
316
162
161
179
178
156
184
196
183
410
260
182
192
248
262
236
227
214
215
242
239
236
193
211
217
187
192
210
200
411
414
182
171
168
221
265
185
179
171
175
339
391
199
163
168
173
173
169
159
181
169
156
160
152
169
154
176
155
154
154
161
161
166
168
198
199
172
179
166
197
173
178
172
176
156
153
155
159
173
190
152
162
159
170
161
157
169
167
168
175
194
148
169
169
164
168
173
157
174
177
179
180
168
191
151
161
156
156
162
159
189
169
160
162
164
169
163
163
158
160
178
166
160
172
161
160
171
166
168
158
162
161
163
169
165
160
170
159
163
168
159
151
157
165
166
168
172
162
165
167
169
154
159
159
154
162
177
168
187
172
179
186
164
168
162
161
191
168
168
165
176
161
163
179
170
171
176
166
158
161
165
170
161
161
157
171
161
156
168
194
314
194
165
163
176
150
170
176
162
173
166
194
177
184
187
167
191
177
193
170
171
173
175
178
168
178
172
170
174
184
168
200
176
180
185
202
178
171
172
165
174
169
168
183
182
176
178
176
188
177
175
173
184
179
196
175
176
201
170
171
160
171
181
162
179
177
179
173
180
178
173
179
181
173
178
185
177
182
174
182
187
182
179
178
170
203
183
186
403
197
206
203
179
175
177
178
173
190
182
174
176
166
173
170
210
202
198
180
173
211
182
184
180
172
179
235
244
202
186
187
193
189
188
183
168
163
173
178
188
182
179
181
183
181
180
174
196
179
201
183
172
186
177
203
177
182
182
187
177
207
185
179
184
182
181
187
180
182
188
187
196
183
188
185
316
181
180
184
182
189
193
195
177
180
174
329
186
183
171
177
183
182
183
175
184
183
178
182
184
179
184
183
199
329
188
177
180
180
195
183
175
203
185
177
181
180
373
268
190
308
197
193
281
215
179
194
231
203
184
184
212
185
186
178
195
182
196
188
199
197
205
192
178
187
185
202
194
197
199
188
191
199
202
193
215
204
194
193
207
203
205
197
194
223
331
192
223
202
204
210
196
192
195
189
195
194
197
200
206
196
218
203
194
194
195
220
204
189
214
195
210
187
185
198
180
184
197
184
191
192
184
202
195
210
230
210
207
194
197
192
188
203
195
195
193
205
196
222
198
195
196
200
203
184
297
395
182
178
184
183
181
185
173
176
192
189
181
177
193
182
185
207
208
198
194
196
190
202
192
187
192
194
181
211
189
188
202
203
207
275
206
182
183
182
184
188
174
183
182
314
165
172
182
179
188
193
183
248
188
189
183
186
181
184
174
190
181
172
185
177
188
178
187
183
214
330
199
202
192
180
187
188
204
188
197
195
207
194
198
206
222
204
189
191
194
189
181
185
184
178
180
176
187
200
191
196
198
198
184
174
177
186
180
196
181
184
199
184
188
190
182
176
194
183
209
192
199
188
192
178
187
186
191
187
177
182
218
186
180
183
211
191
188
186
188
181
178
173
190
187
187
380
173
182
187
188
191
189
190
194
195
188
194
190
193
185
187
193
201
190
199
192
191
188
185
188
189
193
195
193
194
193
185
193
190
194
192
207
221
195
196
202
197
181
191
194
184
186
225
194
185
200
205
192
191
196
189
187
177
188
189
186
187
189
184
187
194
188
200
197
194
192
198
189
193
187
182
183
187
184
205
185
180
226
190
219
195
216
197
187
188
186
183
193
183
180
208
188
186
196
190
200
203
198
182
193
193
202
202
205
193
189
196
194
190
199
201
206
199
198
190
192
198
196
197
187
213
195
181
192
184
186
186
200
204
182
186
189
211
190
189
200
199
201
193
193
185
192
210
190
190
177
205
187
196
194
191
191
189
193
217
193
203
196
197
269
194
205
199
211
222
200
215
207
211
209
195
195
212
218
199
197
198
202
197
196
191
196
214
186
200
182
194
187
193
194
197
191
200
194
223
189
201
186
202
186
204
187
197
191
198
193
197
187
192
206
195
379
194
193
199
188
192
195
204
184
191
191
193
201
191
193
183
203
186
204
205
194
214
213
220
209
213
216
208
222
200
211
194
205
201
193
192
204
228
195
204
201
194
209
217
219
203
208
196
209
206
227
208
215
220
208
204
203
225
199
193
211
201
232
211
205
207
202
209
207
205
202
202
195
217
193
207
197
202
202
197
546
200
204
206
213
197
200
195
225
200
200
199
206
201
203
214
203
208
198
201
212
195
201
204
205
198
218
204
209
201
206
202
205
209
204
206
192
229
339
206
204
203
193
210
195
196
201
200
199
224
204
208
198
201
202
204
190
193
200
197
194
326
199
200
203
198
199
212
214
208
204
210
202
200
207
222
206
198
201
211
235
206
201
397
205
212
215
211
207
209
219
211
203
208
210
200
223
188
199
207
226
202
199
208
202
197
184
207
205
198
201
394
230
218
203
205
206
206
194
197
196
208
201
211
205
200
217
196
199
193
231
216
201
211
212
196
198
239
401
210
210
201
230
222
211
212
219
204
207
208
208
210
205
453
201
204
197
204
197
189
206
216
227
215
213
209
210
202
216
193
216
201
210
198
195
201
204
208
214
209
223
205
201
199
195
195
196
192
199
201
198
215
223
208
204
200
206
202
218
201
197
210
208
208
208
202
214
207
208
202
195
203
212
233
204
237
217
213
210
197
210
209
206
212
205
210
204
211
205
216
208
208
210
219
224
207
218
220
227
213
207
204
200
242
215
219
215
206
211
202
223
209
216
205
201
215
205
205
198
210
206
206
212
206
207
201
214
200
194
210
203
207
217
202
214
216
208
220
214
214
220
215
209
216
215
220
364
223
225
221
229
251
227
227
222
211
203
207
198
194
211
205
205
210
199
240
206
204
291
206
220
212
212
208
212
202
200
216
206
216
213
225
213
223
216
209
220
221
216
202
212
218
213
214
212
231
214
231
207
211
205
215
203
207
209
222
219
206
220
215
231
207
218
197
224
233
226
219
218
199
239
352
276
267
241
242
275
251
224
223
243
219
216
209
209
215
198
230
219
229
236
212
287
211
250
248
226
223
223
213
227
212
222
220
210
216
222
220
214
223
222
218
219
221
231
201
218
215
215
217
207
211
216
214
210
219
218
208
213
238
226
219
222
220
213
242
228
224
258
217
225
216
208
217
240
216
202
213
203
200
204
212
207
221
209
200
213
203
213
208
200
204
204
209
210
211
202
209
217
204
207
217
207
212
217
213
209
214
203
218
208
209
214
216
220
243
210
222
224
218
225
204
216
213
228
226
231
220
219
251
229
362
225
203
337
210
215
233
230
226
221
202
209
202
225
207
216
225
219
218
215
226
230
229
225
224
229
211
227
228
232
233
232
234
237
230
213
199
207
239
214
216
211
217
235
244
207
219
218
218
209
212
214
206
217
214
208
213
229
235
230
220
223
211
207
205
224
215
237
217
253
210
221
223
215
218
375
219
225
209
215
211
215
217
216
222
299
218
227
222
218
253
225
223
218
224
234
226
229
255
239
231
229
219
214
222
221
224
224
218
217
220
222
215
204
217
218
224
228
372
228
243
220
222
228
211
235
218
208
211
216
204
207
211
214
218
218
228
235
264
258
224
231
222
237
234
227
207
211
217
219
220
217
209
216
215
208
247
218
211
238
242
226
237
212
220
216
219
218
227
219
209
215
214
215
218
237
229
353
211
210
242
214
207
221
217
219
233
221
219
215
248
224
226
216
224
221
211
230
226
265
230
236
222
213
235
232
225
206
223
223
219
229
223
243
226
212
229
215
252
575
216
221
223
221
224
217
214
221
224
231
238
222
218
220
224
227
216
212
216
224
238
228
222
361
226
231
236
292
221
210
217
215
223
208
214
221
406
207
215
248
219
217
231
229
226
217
233
229
251
230
252
216
359
230
226
220
233
223
235
217
218
212
233
216
219
225
217
216
227
220
233
227
223
226
225
224
228
252
442
233
221
239
366
228
384
218
216
215
218
218
219
220
228
236
411
231
248
222
217
226
221
223
222
225
241
229
232
234
239
235
227
231
241
233
235
242
235
231
219
242
225
224
215
214
355
243
254
218
234
217
226
227
252
225
232
248
226
233
224
231
233
230
230
231
224
220
263
260
244
257
247
264
236
254
216
223
214
223
217
217
217
218
223
228
222
218
560
217
221
223
223
220
219
212
211
224
215
226
229
227
249
217
232
212
217
211
227
223
228
229
231
231
230
226
421
245
219
223
220
352
224
222
223
225
220
224
224
233
218
228
224
222
224
221
235
218
211
220
221
218
225
218
225
229
234
216
225
233
233
224
227
228
219
215
240
240
243
220
225
232
244
633
249
238
245
244
237
224
228
255
243
220
460
245
232
235
218
227
230
226
315
235
227
245
220
218
222
220
236
235
223
231
567
234
219
227
231
224
367
233
227
232
257
233
227
235
220
235
222
254
245
231
224
233
217
234
242
226
228
228
230
241
253
232
220
227
250
236
232
230
222
229
224
228
246
230
536
229
222
228
230
254
366
252
224
259
250
224
231
230
229
222
221
235
223
240
238
230
227
225
235
226
222
230
229
235
226
218
225
230
229
234
224
223
234
236
236
229
237
226
236
226
231
231
236
244
238
229
241
504
238
238
237
254
227
230
231
226
228
245
222
221
223
247
278
238
229
234
233
233
235
228
259
225
234
231
226
228
229
230
231
253
229
223
247
601
243
246
245
244
238
239
237
241
244
245
248
240
243
230
218
221
231
230
223
212
227
231
230
234
234
228
229
231
233
247
230
225
230
232
237
234
233
233
232
233
235
226
232
230
228
252
256
231
222
258
222
228
234
231
234
231
247
235
279
233
234
232
233
228
227
241
238
225
227
228
227
234
224
232
232
241
242
252
246
229
237
234
241
240
225
218
225
251
231
226
222
237
221
229
230
235
234
251
242
296
251
250
250
245
238
252
255
246
248
248
261
247
246
258
237
232
226
230
262
241
264
241
242
244
246
273
245
257
247
242
237
250
247
268
240
247
238
238
236
221
245
232
230
233
225
228
225
235
220
232
237
235
235
227
225
225
220
231
241
236
246
265
234
239
227
239
237
229
227
235
234
361
235
376
243
238
231
228
231
235
224
231
233
238
224
225
239
233
220
236
232
231
230
224
220
231
235
231
231
243
239
240
234
242
255
240
279
231
236
244
270
253
252
250
241
247
248
246
252
240
254
252
237
245
231
233
230
228
238
234
239
244
236
236
233
239
239
240
230
249
279
253
240
230
234
251
243
230
247
231
236
235
235
225
231
236
231
219
254
240
218
243
250
252
248
247
245
242
235
236
244
489
251
237
232
256
232
237
232
248
238
233
241
228
255
228
276
244
233
243
240
233
227
231
238
237
240
236
246
229
237
240
246
230
243
240
241
240
409
240
351
319
276
244
248
247
244
238
260
234
249
243
239
250
242
236
243
268
244
243
255
248
249
250
248
275
262
252
263
258
247
251
243
298
254
240
237
260
237
226
245
274
267
311
252
239
227
240
228
217
224
233
238
234
236
228
231
220
292
249
254
243
237
237
241
260
257
255
248
230
250
258
536
260
242
245
251
243
237
245
241
240
230
229
232
240
231
238
234
256
236
230
224
227
240
233
233
224
247
254
234
241
243
231
225
225
216
241
260
245
258
241
249
253
239
237
232
266
230
258
224
242
240
229
236
233
228
238
274
256
268
255
250
386
253
285
257
251
257
285
286
290
265
283
240
245
243
233
246
250
244
253
246
236
258
270
261
272
259
254
234
240
250
241
244
234
250
248
268
252
257
262
249
251
256
252
258
264
260
251
252
247
242
244
239
293
232
244
239
240
377
238
245
247
247
238
247
242
256
275
256
241
240
2992
298
249
255
251
256
274
247
252
270
257
440
250
330
288
262
252
254
238
253
241
234
251
243
233
233
239
253
252
285
277
263
253
261
257
266
249
255
235
267
250
253
276
323
251
241
267
236
244
249
253
271
265
241
251
250
279
246
253
240
237
245
244
257
257
262
246
245
249
237
257
252
259
253
232
244
251
252
248
244
371
243
240
246
254
235
239
247
270
241
243
245
247
238
247
241
235
263
264
257
253
251
229
251
241
259
241
241
245
253
273
247
237
253
253
246
238
250
244
257
243
236
251
237
255
250
250
254
248
245
243
262
241
246
256
250
251
287
259
256
308
266
254
254
248
251
248
266
266
264
265
266
262
282
253
240
254
251
243
252
244
239
243
242
242
244
433
241
243
251
285
242
394
455
243
245
246
267
237
250
238
244
247
267
240
249
246
268
235
244
237
251
238
231
243
238
243
250
240
250
253
248
239
258
262
257
260
257
253
258
249
255
250
246
242
254
253
266
274
260
253
259
261
258
265
254
259
283
266
253
236
251
255
244
251
252
398
251
255
249
249
246
259
273
256
260
250
244
251
237
249
239
243
248
250
255
247
248
246
240
245
248
246
255
236
247
265
244
237
233
243
240
238
250
406
241
270
252
245
245
257
261
235
248
244
250
253
243
253
252
255
261
261
248
253
280
245
249
252
286
247
279
270
251
245
267
277
274
252
252
269
271
272
272
282
261
259
264
263
267
282
271
270
294
247
252
244
257
259
252
250
247
231
240
248
246
454
258
254
240
252
253
250
255
261
243
245
255
262
256
256
251
239
248
246
243
242
258
249
247
246
247
436
270
269
248
262
249
247
255
253
250
256
252
246
250
257
249
246
245
246
274
246
246
250
255
246
245
266
246
237
244
249
239
243
247
255
235
251
242
249
268
251
253
255
250
252
253
246
245
252
255
248
265
258
254
262
264
271
264
272
267
254
264
269
265
267
295
286
247
246
250
245
253
275
240
250
249
252
258
291
246
255
252
249
254
253
262
265
278
263
260
249
451
256
245
269
575
253
256
263
272
263
245
264
280
254
251
263
246
253
253
257
262
245
253
251
250
275
252
266
267
273
272
272
271
276
277
258
253
258
252
244
315
274
243
244
257
247
261
235
250
254
302
250
248
276
244
241
253
257
258
247
258
248
252
251
247
255
247
247
255
268
264
250
250
277
247
263
252
257
272
251
260
257
257
256
263
255
253
262
256
255
253
247
268
259
259
252
248
289
250
270
271
272
284
274
283
267
271
296
280
258
283
274
252
288
300
294
267
293
400
255
268
253
240
261
256
262
259
253
265
268
253
259
255
559
276
279
287
258
247
259
260
259
259
251
260
257
252
290
267
279
283
277
262
292
270
263
277
261
290
273
275
274
271
259
280
270
270
276
276
268
282
269
276
258
254
259
260
262
257
260
261
257
268
271
265
268
260
259
290
263
266
255
266
279
273
272
260
249
256
265
259
252
262
278
296
256
261
247
256
258
253
437
244
248
249
283
257
261
249
263
273
273
256
253
252
265
257
262
261
253
250
269
262
265
258
293
248
264
277
269
275
267
255
256
266
262
264
254
272
261
258
252
264
256
259
257
273
258
258
258
270
278
256
267
251
252
245
309
264
259
262
246
272
266
249
264
256
259
250
261
260
264
251
256
259
257
258
260
266
262
256
262
259
246
265
260
268
252
248
263
262
249
270
260
264
243
244
275
280
268
291
266
266
274
279
272
406
275
275
289
271
273
288
273
274
278
276
278
290
273
279
262
252
248
263
268
263
259
270
262
257
266
267
257
251
267
248
277
284
256
253
256
284
256
251
258
257
377
260
260
260
258
283
258
274
257
255
256
253
267
278
280
263
260
270
270
275
269
395
272
279
273
301
252
263
260
265
265
262
262
264
273
276
264
255
262
262
272
269
258
268
257
274
263
267
266
264
277
262
257
256
260
262
267
262
269
300
257
269
300
294
278
265
270
266
270
256
261
268
262
257
261
260
263
265
287
255
260
257
252
260
242
259
276
260
247
265
264
266
261
262
258
262
260
274
246
255
274
290
277
258
259
262
283
266
247
258
260
275
271
270
267
258
261
271
467
279
264
271
267
271
261
264
263
260
259
272
263
261
258
264
288
266
276
281
273
256
292
267
469
300
288
280
269
271
388
280
264
272
253
262
261
262
263
270
265
263
267
252
251
264
278
395
268
265
265
261
270
259
256
258
252
268
261
263
261
255
253
257
318
261
273
256
268
272
270
257
271
265
265
323
289
256
252
259
288
288
302
277
282
256
275
270
294
263
272
273
275
272
262
276
435
268
264
261
257
261
269
256
281
288
255
252
254
279
257
256
266
271
269
256
271
271
269
270
278
261
286
261
267
270
292
267
262
273
274
284
267
263
257
255
262
416
275
257
267
260
258
257
267
262
271
255
263
261
261
256
270
259
263
272
296
291
270
287
277
265
272
284
293
282
289
274
283
285
292
258
267
258
258
263
257
268
283
272
285
264
266
274
271
270
401
298
277
441
277
275
278
266
265
266
273
268
256
272
270
260
268
292
270
267
272
297
410
274
284
291
290
295
266
266
274
276
273
285
299
278
279
273
313
288
280
289
282
293
290
290
277
279
284
278
274
282
280
286
305
313
269
275
266
279
287
278
282
305
310
281
282
282
282
278
293
282
286
260
283
263
276
266
280
266
271
271
269
258
256
264
280
267
271
261
278
271
266
265
265
264
250
261
274
273
279
291
274
280
277
277
263
272
286
264
278
271
308
266
277
273
265
285
287
290
267
260
278
272
261
294
273
287
283
272
286
283
286
294
259
275
283
273
264
274
298
273
296
275
259
262
263
262
268
256
270
264
264
265
261
277
262
263
268
272
279
279
269
282
269
278
280
276
270
275
270
272
279
274
287
277
283
288
278
285
289
268
281
291
270
307
289
285
300
285
295
285
289
312
287
288
286
278
275
276
268
270
266
281
271
263
266
270
265
279
284
268
260
296
266
266
251
255
259
273
260
271
265
283
272
274
273
263
271
264
259
259
304
274
274
268
272
249
263
272
286
264
279
282
256
294
254
267
294
264
263
270
302
279
270
265
275
265
268
264
274
275
265
261
273
275
270
265
274
275
297
284
286
281
305
271
279
263
272
274
271
270
278
266
268
285
267
262
269
295
408
255
270
268
291
280
274
264
293
275
273
276
274
315
277
283
282
279
270
269
261
304
559
377
324
315
305
283
318
314
514
409
336
314
299
272
271
274
295
270
267
273
271
265
267
259
293
277
268
305
286
275
265
265
268
286
269
495
276
273
286
278
273
268
267
288
286
277
270
305
274
341
252
271
268
267
263
272
267
281
296
288
280
297
284
313
275
280
333
302
273
287
259
275
265
263
264
266
273
268
277
267
277
284
302
321
289
294
315
420
273
278
278
274
280
284
285
291
296
280
285
279
293
264
322
282
302
297
292
272
285
275
284
279
288
290
297
293
301
278
280
279
295
280
273
284
292
278
284
283
287
286
285
273
413
283
287
276
267
272
270
279
283
272
280
284
280
282
271
275
461
281
263
269
268
279
295
292
258
278
263
264
262
266
266
276
276
268
274
293
274
265
264
286
288
264
267
263
472
278
275
271
279
290
265
270
266
262
282
286
266
264
274
265
266
256
259
266
274
282
271
284
267
275
271
293
292
270
252
276
263
279
275
270
265
269
300
318
270
255
269
274
257
272
266
277
283
282
280
291
270
286
309
279
261
302
280
274
369
286
299
303
279
285
279
286
287
274
277
274
261
281
275
268
283
274
265
274
273
273
278
298
270
449
278
288
352
322
283
404
281
280
313
281
269
278
288
290
279
306
291
292
286
289
316
289
283
289
284
265
273
278
273
268
281
278
288
265
284
312
265
262
260
279
275
269
298
264
274
269
272
329
292
282
295
268
266
275
260
276
277
276
274
273
277
273
279
287
281
280
285
277
296
279
288
310
291
288
297
424
297
287
284
288
276
275
277
268
278
278
279
267
272
400
276
288
262
267
291
265
296
262
289
278
271
263
271
301
277
272
272
272
264
272
275
261
271
277
266
268
269
269
266
262
261
279
273
270
272
275
283
266
277
277
288
279
274
274
281
267
264
290
268
275
283
280
527
277
263
262
269
267
281
290
274
292
298
272
283
362
274
290
317
272
264
266
272
268
270
276
282
313
289
288
284
468
276
273
265
274
296
284
307
269
271
275
271
302
284
277
269
266
264
315
307
285
279
298
281
293
310
295
278
284
281
282
279
293
298
282
278
273
300
281
280
283
277
266
276
279
284
275
269
276
320
286
277
280
267
270
271
278
259
271
266
276
271
267
307
275
273
261
281
278
283
278
277
278
284
279
265
277
273
275
274
269
272
295
267
269
268
273
274
270
275
289
278
267
276
277
271
274
273
284
274
278
263
264
291
274
288
284
278
269
270
281
293
277
279
266
300
276
274
285
275
278
281
275
265
310
280
265
273
299
278
277
473
285
282
282
274
270
268
265
275
279
278
293
285
284
305
277
303
289
290
284
271
414
273
302
277
304
270
258
265
282
281
272
267
273
277
302
276
268
271
267
264
273
298
270
272
268
291
282
280
267
279
275
568
292
302
294
288
288
286
296
302
309
275
276
272
289
270
275
292
275
275
297
272
268
280
265
274
285
275
270
278
271
276
283
274
279
268
277
272
272
279
292
287
291
290
273
283
279
281
292
274
285
425
289
270
265
271
261
270
277
404
273
280
281
268
281
280
269
272
281
312
275
286
295
312
283
289
288
278
279
283
304
289
280
279
281
285
277
278
274
268
271
269
274
274
278
271
284
260
273
288
275
274
284
276
282
276
278
284
301
283
272
295
279
267
277
267
263
275
273
314
280
269
281
283
272
279
278
281
308
281
272
296
270
281
274
270
270
278
264
272
271
268
273
264
278
285
284
285
282
274
285
273
414
313
284
274
281
281
267
273
266
273
277
275
276
285
281
266
277
280
278
273
274
278
259
275
276
285
297
279
270
273
277
277
283
272
275
289
274
267
264
276
282
275
282
266
267
269
260
287
305
270
286
284
282
283
270
274
284
274
263
271
272
266
295
265
273
277
270
281
281
272
280
279
315
281
610
275
279
277
288
288
289
284
292
293
293
315
301
272
278
286
278
274
291
301
291
293
294
318
292
281
275
273
305
270
264
280
263
278
276
273
266
305
269
264
275
265
282
267
270
278
300
291
288
283
279
272
287
276
270
270
268
278
275
265
275
274
268
295
273
294
282
270
264
272
272
270
278
274
319
271
297
560
280
288
294
290
287
277
270
290
285
286
276
288
286
283
298
297
285
264
275
284
306
271
271
282
274
286
289
293
297
276
308
283
276
310
277
295
281
274
304
268
282
278
286
282
285
279
275
287
284
278
279
300
286
301
267
272
265
287
267
269
280
260
267
265
271
293
280
278
278
283
277
268
284
288
297
271
274
274
274
297
275
280
300
271
307
274
279
270
265
265
284
276
271
275
286
289
279
286
277
299
270
276
278
278
273
414
282
282
284
277
280
279
269
413
296
277
289
307
279
287
296
306
315
295
292
309
299
287
276
273
296
282
290
290
285
298
277
277
283
261
295
272
272
294
277
281
283
279
273
281
283
313
278
264
409
278
268
297
273
288
302
271
465
277
275
281
301
277
278
285
283
279
268
292
269
279
278
275
276
277
263
279
272
278
278
277
274
274
272
277
270
276
270
650
286
286
302
293
287
304
277
278
274
303
279
283
307
288
298
291
298
293
294
285
276
276
278
277
277
270
277
272
278
293
270
284
271
521
304
343
326
460
301
316
288
289
284
283
293
298
308
302
309
288
298
271
275
280
274
272
283
274
279
280
273
281
275
283
279
271
285
278
273
273
286
273
273
274
306
301
306
279
306
285
269
277
286
275
277
282
284
299
265
270
276
279
270
269
272
303
275
275
275
293
295
275
401
307
280
273
267
265
274
272
277
290
271
273
315
284
291
288
289
293
295
287
288
273
279
290
294
292
284
286
274
287
288
300
281
283
280
297
297
299
286
289
314
291
291
293
292
386
274
284
285
281
309
291
277
282
294
289
276
270
586
286
275
288
273
291
275
283
274
277
271
295
271
280
283
286
303
298
302
286
274
294
288
284
292
298
295
285
332
289
274
373
275
273
277
274
270
465
287
283
280
291
294
282
289
289
288
281
284
492
277
288
272
266
274
276
277
275
281
281
269
270
280
307
313
280
296
276
283
275
272
281
291
279
311
283
266
278
288
279
279
288
283
269
280
274
281
314
275
281
282
278
300
283
286
292
292
296
278
283
281
280
285
301
269
271
302
293
283
285
299
297
283
298
286
278
276
275
295
304
470
268
270
272
278
269
280
282
303
277
276
281
272
275
277
270
282
276
281
284
277
311
285
286
287
282
277
277
288
284
299
294
310
315
275
273
290
277
279
278
275
288
286
294
286
284
313
287
286
285
296
293
318
272
285
431
279
277
283
282
425
283
272
293
281
276
282
281
283
311
321
286
280
279
415
403
305
294
316
294
297
315
267
286
268
279
276
276
278
292
282
304
292
305
288
290
300
291
305
271
295
321
284
294
288
291
279
272
273
287
272
294
273
280
308
270
271
271
270
303
283
297
295
262
275
276
288
260
476
273
285
282
291
300
284
283
279
280
267
282
277
310
316
288
270
281
275
299
274
279
275
295
271
273
273
269
287
290
271
268
278
275
275
274
298
271
271
270
277
270
288
285
281
275
281
270
275
262
281
273
272
265
283
282
284
305
280
270
287
271
281
274
277
286
280
270
291
272
275
277
308
289
273
272
275
286
302
279
296
280
272
276
278
273
274
261
280
278
271
283
274
292
278
285
276
288
280
274
274
282
275
269
265
266
300
323
284
283
277
268
267
278
270
278
414
290
281
282
263
281
282
284
278
278
289
285
292
296
271
287
300
280
282
284
298
288
290
299
292
300
278
285
304
287
283
268
268
271
290
283
285
279
270
273
281
281
428
291
284
297
288
280
273
294
276
274
286
274
273
273
287
276
301
302
282
273
273
274
284
281
290
275
266
281
325
291
287
303
325
291
295
293
276
306
282
290
297
299
299
287
271
298
297
275
262
274
288
285
275
270
269
282
284
283
307
284
276
287
285
297
294
275
281
452
269
276
285
285
295
298
307
279
279
275
272
284
280
288
286
277
280
415
282
410
284
302
282
285
290
281
300
274
285
295
279
277
286
279
274
281
278
278
272
275
269
283
300
283
282
276
287
276
289
323
284
281
291
289
293
286
291
278
274
276
284
276
279
271
279
272
276
283
283
283
288
286
279
262
280
288
283
311
284
277
273
277
279
306
273
286
295
274
278
287
638
297
277
276
277
275
302
287
280
274
284
283
474
279
291
284
276
279
304
281
286
284
286
305
278
274
276
275
268
302
299
492
312
290
290
284
299
304
320
293
288
285
273
289
276
287
286
271
290
335
284
282
277
280
278
470
286
280
271
290
279
276
278
299
279
289
292
278
274
270
273
285
260
279
272
273
306
291
276
274
273
270
274
278
278
297
282
284
288
283
274
278
276
323
291
280
286
306
275
298
289
292
294
273
286
299
278
267
320
279
272
410
283
321
279
292
285
278
282
282
286
286
475
284
299
284
301
292
283
308
274
280
280
280
278
289
294
301
287
300
290
275
725
302
301
306
285
282
278
653
321
282
283
288
286
284
406
277
301
518
280
273
272
281
285
298
273
279
292
281
292
298
308
288
312
284
282
422
297
280
311
284
300
273
319
279
283
275
276
288
318
283
282
303
311
373
299
285
307
300
309
303
291
307
294
276
286
315
299
320
284
302
328
283
287
319
326
299
301
304
309
291
295
319
285
305
282
280
310
298
287
305
307
310
296
278
289
634
660
308
314
269
290
275
272
294
283
605
298
272
302
473
318
307
301
323
389
344
291
286
276
302
381
300
286
279
276
294
276
353
356
300
302
293
297
308
316
336
299
301
318
325
292
326
280
296
298
299
297
289
293
325
305
297
292
305
294
313
309
271
296
278
270
269
281
309
273
271
289
285
282
285
291
291
266
288
279
283
285
284
291
274
270
290
280
280
285
274
277
278
283
283
282
312
279
268
271
281
297
289
334
288
279
287
294
302
280
276
280
276
276
305
284
279
282
274
275
281
278
281
278
286
278
284
280
276
293
303
282
280
306
294
283
279
282
301
277
281
277
312
290
276
277
279
285
279
285
274
269
278
291
277
286
310
284
274
287
283
278
286
293
280
279
293
266
277
288
271
276
270
274
276
286
292
283
282
284
279
311
286
286
277
278
277
274
277
278
290
262
272
284
282
280
286
291
290
292
281
281
282
302
293
278
280
286
271
286
296
286
282
295
277
282
276
307
283
287
420
305
283
314
286
281
279
279
275
302
313
280
267
279
267
279
288
289
280
277
274
283
271
302
280
306
280
280
291
288
283
278
265
316
274
288
272
283
283
285
277
277
274
294
286
278
287
288
293
280
310
307
302
280
278
285
284
282
275
285
301
292
297
312
281
288
282
282
286
296
282
287
290
283
286
304
294
299
282
293
298
278
286
297
295
301
297
320
284
297
292
284
284
282
271
285
276
284
274
288
269
285
284
278
286
288
267
281
275
304
282
274
329
291
287
305
293
295
308
426
267
287
294
278
286
285
286
275
288
272
276
278
280
279
268
316
271
302
281
280
287
293
288
281
284
281
284
303
299
299
292
277
276
299
304
310
292
293
296
286
283
290
278
271
274
282
271
286
274
292
300
286
302
284
296
274
276
292
297
489
304
291
273
285
289
282
288
313
297
280
275
279
291
283
305
279
278
316
299
303
284
275
299
280
296
288
290
290
272
289
321
279
287
283
290
277
288
291
271
328
288
280
272
275
277
296
295
283
274
277
282
276
290
299
280
283
274
277
281
299
289
308
286
279
288
288
282
287
284
276
284
321
286
292
288
283
292
283
291
291
297
293
318
307
309
287
272
279
277
281
284
350
293
300
323
288
294
286
282
284
271
280
283
280
282
302
281
266
280
290
290
309
279
286
291
284
307
305
302
282
279
290
284
282
304
279
294
291
283
276
274
280
275
307
296
528
288
275
274
284
291
293
314
300
314
303
281
275
280
279
280
279
291
282
308
318
312
288
284
297
302
293
284
283
282
275
280
286
277
270
311
276
287
276
283
295
275
278
286
279
279
274
268
288
295
297
278
284
297
293
301
290
287
276
277
272
275
279
284
496
277
284
273
279
280
292
282
419
284
287
288
292
300
287
286
278
274
305
311
280
294
286
279
278
289
289
275
277
281
479
300
279
282
272
273
275
285
291
299
274
274
286
271
288
282
277
269
318
284
307
288
446
287
474
278
281
287
284
281
277
284
295
284
288
279
286
279
276
316
277
274
277
272
280
285
285
492
292
312
277
294
277
317
301
278
291
300
288
278
288
302
283
277
291
283
290
305
275
292
291
288
282
292
298
282
306
301
298
284
288
289
288
282
287
299
310
338
286
307
286
282
298
329
316
314
279
278
277
292
282
277
287
302
273
280
290
284
274
274
272
285
272
287
287
283
289
281
279
272
326
270
276
267
276
284
279
280
291
283
291
295
299
312
311
302
298
291
295
313
293
346
299
292
293
275
280
287
271
278
274
286
292
280
298
282
283
305
282
281
276
278
271
295
275
270
285
271
281
292
310
288
303
278
308
284
283
488
296
311
278
280
295
302
313
297
279
287
287
307
303
312
281
292
280
292
286
291
290
280
288
294
290
297
312
290
287
289
325
419
276
298
282
280
281
281
300
283
288
292
290
307
276
290
294
272
309
279
278
281
279
285
281
299
285
276
283
292
288
284
311
283
295
296
285
278
285
279
296
283
278
288
263
288
290
298
275
278
310
281
296
293
301
346
302
284
297
295
301
320
291
282
299
323
284
283
292
409
284
297
288
298
271
287
280
299
284
296
306
409
426
305
300
286
283
297
294
298
292
309
285
277
279
292
275
279
303
296
281
290
291
319
289
301
279
295
283
299
303
294
312
292
322
286
288
296
290
282
279
279
293
281
308
289
285
282
289
282
282
280
280
426
277
305
282
279
301
302
319
285
281
287
300
625
291
278
424
291
297
284
302
294
285
285
283
281
282
282
303
287
282
285
290
291
284
291
286
301
270
288
282
347
303
299
278
427
293
316
299
295
320
285
287
285
289
278
315
289
274
275
298
281
283
277
282
275
299
277
282
297
301
312
303
293
404
318
287
282
282
286
289
304
319
319
289
299
297
305
299
298
309
303
298
292
303
307
293
314
299
293
308
286
271
300
281
284
283
290
279
293
293
285
287
292
281
281
291
282
373
328
286
274
283
296
291
315
286
288
276
285
287
284
310
414
332
425
346
300
299
304
293
288
313
283
288
308
280
273
317
283
283
268
281
289
300
295
298
305
342
297
319
278
299
307
288
309
294
305
314
287
292
303
313
290
284
317
294
294
335
282
287
287
276
293
316
280
281
281
416
453
290
303
293
294
277
310
279
285
317
310
317
299
279
285
291
295
317
283
281
314
302
280
293
312
295
276
269
285
280
285
276
280
285
292
290
285
288
299
290
302
295
294
290
292
286
294
308
285
282
285
292
305
287
279
307
276
307
290
307
285
286
281
287
285
281
295
280
305
272
330
288
284
301
313
324
309
298
304
287
294
294
292
306
276
420
282
277
278
338
293
290
289
297
277
292
315
291
279
295
303
303
326
291
286
293
285
286
284
324
296
279
292
277
289
282
291
279
281
276
307
281
282
312
278
277
289
296
290
290
283
294
295
312
292
306
298
289
288
284
292
282
331
302
307
296
320
315
292
289
285
286
285
285
278
278
312
307
293
287
283
299
306
302
306
303
303
294
324
292
290
298
324
280
289
271
290
280
296
297
287
417
310
298
274
294
288
283
285
294
303
290
306
297
316
322
310
319
280
292
280
279
302
277
288
311
300
614
304
297
294
307
296
284
303
285
304
284
285
288
285
287
283
278
286
287
289
290
461
315
289
297
284
289
310
276
284
282
292
277
305
378
302
304
286
283
278
292
296
280
279
288
280
288
290
627
284
283
289
288
308
297
295
321
377
315
303
304
307
312
315
302
297
292
295
351
283
300
320
311
291
285
300
291
290
286
293
310
280
286
292
364
289
297
308
284
284
283
420
296
285
287
279
279
297
283
286
277
287
273
289
292
287
289
306
300
306
291
291
293
308
285
298
303
282
316
303
295
285
276
299
312
308
329
298
289
292
293
300
363
289
284
295
290
308
284
292
314
283
314
378
317
283
480
293
297
313
289
279
303
286
300
279
296
304
276
284
289
294
297
303
307
310
295
306
300
303
303
295
299
283
289
271
288
290
285
303
275
283
291
307
278
296
286
279
287
288
606
286
288
288
286
299
291
280
274
295
433
302
286
294
315
291
287
286
302
292
286
296
284
294
282
289
297
283
283
302
301
309
300
295
285
291
295
293
290
293
276
279
291
286
290
277
283
290
309
299
290
293
301
291
291
283
307
283
284
294
295
415
281
287
332
285
285
290
290
302
283
290
281
283
272
294
296
283
431
291
279
296
288
292
288
285
279
284
285
305
291
368
305
295
280
282
322
284
282
317
422
289
275
298
325
281
310
298
283
297
285
293
292
281
286
297
640
307
313
289
296
278
278
297
282
300
293
276
275
285
284
300
285
286
283
293
283
290
288
293
306
276
290
290
281
280
283
284
289
286
285
284
285
294
286
285
312
305
287
293
281
281
280
292
289
291
295
284
289
281
285
289
289
314
282
309
289
274
283
286
308
435
290
289
295
293
394
320
295
289
294
281
300
289
285
277
423
295
293
290
279
297
309
290
284
286
289
293
313
293
292
296
299
307
299
275
272
327
309
298
279
280
286
290
288
306
292
281
285
286
287
286
297
274
278
289
309
410
282
286
285
290
302
307
281
296
307
293
288
295
280
278
274
273
297
269
305
289
303
312
293
294
292
304
297
301
305
305
296
299
275
286
287
297
293
295
290
278
336
294
300
303
303
286
281
291
286
286
294
305
298
283
294
292
294
297
292
286
287
274
285
289
282
290
291
299
318
294
287
286
283
281
295
280
287
292
290
304
289
296
277
297
301
321
285
319
289
278
326
286
283
287
297
314
317
286
284
287
301
282
284
281
282
277
310
285
291
290
291
293
287
293
291
284
300
308
283
292
294
309
303
292
291
283
293
297
295
284
287
300
285
312
293
288
280
291
300
300
298
288
295
286
302
289
295
284
288
307
293
327
299
308
315
302
314
295
307
311
296
284
294
319
292
300
311
283
289
292
295
290
279
302
291
292
286
306
300
278
295
287
302
316
289
294
300
296
279
287
286
285
286
292
284
283
289
296
288
291
292
285
300
286
417
292
297
276
299
279
296
288
280
311
292
286
311
284
297
292
280
294
297
290
298
283
274
613
282
290
302
274
283
294
300
280
291
288
287
286
295
290
308
278
282
292
280
291
288
282
284
284
286
298
291
278
297
290
288
440
309
325
298
296
290
297
332
307
292
285
283
279
294
272
274
284
278
308
286
283
332
294
302
298
287
290
290
300
281
280
295
296
282
328
302
285
288
288
308
286
279
285
283
315
358
279
284
291
293
287
287
286
285
287
303
308
298
495
285
290
287
292
290
285
294
287
321
292
291
291
308
283
300
433
283
301
287
288
282
294
296
330
294
280
307
284
346
293
310
317
297
304
303
299
308
303
305
304
299
306
303
308
282
284
281
297
618
281
286
289
288
291
350
286
290
287
307
289
275
329
286
286
282
276
315
301
308
287
284
272
285
293
287
557
290
304
279
291
290
293
307
295
299
305
301
302
299
295
319
287
291
280
294
306
280
282
281
310
298
311
283
286
290
286
304
300
295
346
288
778
305
285
296
282
304
327
297
302
282
291
290
288
291
283
320
295
290
284
293
287
296
328
300
306
294
314
307
284
497
277
302
279
285
288
283
298
278
422
288
284
291
323
280
288
285
294
305
290
290
292
292
293
311
296
293
286
294
275
289
291
308
306
291
630
296
312
306
296
299
303
303
328
285
310
299
293
324
296
297
489
278
299
298
293
284
287
295
284
285
300
301
293
311
329
332
303
303
319
318
293
284
288
431
285
289
284
287
302
290
296
291
313
302
285
299
293
322
291
297
283
280
284
295
295
302
284
286
326
288
288
289
311
287
295
286
286
295
435
303
321
292
313
301
307
308
299
310
308
351
415
305
287
291
311
300
285
279
281
490
290
302
301
287
315
279
309
285
286
292
306
479
289
309
310
303
299
299
300
277
288
296
290
284
281
306
317
312
300
306
286
297
280
299
287
302
277
281
275
301
310
358
287
285
298
304
301
304
333
296
310
286
287
278
297
287
306
293
290
283
283
288
283
293
296
332
287
299
353
335
316
316
306
300
325
313
316
307
300
311
308
287
287
611
318
305
292
294
284
282
296
290
295
306
335
357
303
286
304
295
308
309
294
300
290
339
300
308
288
284
288
287
287
292
284
299
296
289
297
305
297
310
309
294
303
316
295
298
307
324
317
303
301
318
281
290
287
289
295
286
298
321
417
310
288
293
292
281
290
277
292
291
278
286
280
294
288
275
275
282
289
292
307
293
283
304
291
296
291
282
460
290
278
296
292
283
293
280
278
510
285
299
290
281
289
298
310
282
274
294
289
308
488
299
282
296
421
298
302
319
309
331
434
286
283
293
284
276
300
327
299
370
292
283
287
305
340
289
343
288
296
326
307
284
288
299
294
284
287
307
310
294
302
301
291
290
288
299
308
310
314
304
289
284
293
301
292
294
282
289
293
272
280
291
285
290
285
282
284
293
312
321
291
279
317
293
285
326
345
282
303
307
292
274
303
307
304
278
279
282
291
282
285
288
285
312
298
279
286
285
300
307
299
489
301
310
329
289
284
287
452
331
287
569
319
309
305
316
302
339
302
288
294
288
284
298
312
287
345
295
308
319
580
304
319
355
309
335
327
302
321
291
498
354
361
329
304
295
308
289
345
299
287
316
334
342
309
364
293
296
312
287
300
295
292
281
275
281
283
295
274
289
282
299
297
301
298
274
291
293
294
280
290
295
286
294
272
284
293
303
306
297
285
295
299
294
285
285
295
292
287
300
276
288
302
319
390
287
294
290
283
290
289
309
289
299
272
288
534
295
283
300
293
309
285
298
300
306
308
307
307
304
300
294
287
293
287
305
297
288
297
321
311
291
443
294
384
323
316
362
306
288
698
280
356
325
304
313
286
311
316
401
294
305
298
309
325
313
306
296
307
310
289
297
276
291
296
288
287
283
296
299
292
290
290
347
299
292
299
297
326
291
300
289
292
308
288
305
301
289
308
297
288
286
286
300
298
333
289
296
301
328
298
293
329
302
327
308
294
305
277
439
303
294
314
331
309
295
307
292
315
279
301
337
435
299
500
294
299
299
290
302
305
302
290
278
297
282
328
287
358
323
324
282
288
376
294
304
672
287
313
293
287
287
294
308
291
306
296
344
290
295
294
283
286
288
331
316
293
299
286
289
316
308
289
286
303
306
293
429
306
311
315
290
324
296
307
274
293
302
298
294
306
286
287
365
303
283
296
297
364
317
400
335
296
316
295
301
297
305
297
278
287
296
327
299
285
438
406
374
328
312
307
329
305
327
319
306
290
300
276
305
289
293
287
283
293
275
322
286
324
289
290
325
311
304
309
292
296
295
297
294
300
293
313
320
287
311
286
277
294
279
296
299
280
288
283
286
291
297
311
308
298
283
284
297
278
291
312
306
281
302
293
288
317
292
313
287
294
283
284
306
283
292
288
325
273
279
297
296
310
321
293
303
294
296
276
280
296
288
304
315
330
309
322
309
