7687
28244
41225
50610
65666
88334
107361
113175
166949
156949
125661
206858
184096
135703
316727
231810
272073
191099
273011
295210
297098
283367
279668
442414
341730
357861
412636
427238
310373
383262
400877
361693
319304
500311
417785
501502
448106
510671
564551
548174
657005
405758
642057
804087
774929
661757
780678
741321
583615
581684
624795
725594
855478
748929
626682
717179
716436
738459
941240
733236
696983
588647
825152
854602
510739
1019748
832405
1011234
734799
833675
936295
870811
1078532
647066
1327167
986864
1249844
783796
1149008
988517
897593
1356130
1225982
1170724
1234516
1159157
1446299
1095272
1093801
1299022
1085254
1349579
1130496
1292037
1285760
1015761
1384552
1484076
932974
1195311
1291390
1121818
1503539
1048289
1519784
1395950
1477135
1578449
1226390
1470846
1214600
1861832
1305540
1677553
1199185
1788682
1593822
1502028
1517493
1046093
1632239
1499416
1784747
2076768
1902126
1822067
2022521
2382517
1934529
2018839
2219009
1325004
2284079
1577318
2229905
1469194
2414478
1864316
2354575
1784438
1798908
1640398
2957167
1583157
2069549
2446272
2149852
1992200
1679315
1954879
1959243
1916113
2572129
2178396
1984108
1679163
2401765
2283053
1967996
2690598
2255955
2106635
1723611
2636881
2455865
2337334
2072563
2287715
1986127
2054992
2459457
2189999
2100677
2530268
2034195
1548759
3057009
2385654
2310311
1786273
2262008
2731591
1803673
2486898
2562517
2441866
2265011
2878038
2104246
2606721
2633454
2540564
1810994
3379088
3373095
2617454
1887735
2510251
2220090
2723388
3504122
2198064
3193160
3409020
2439883
2888980
2403029
3104769
3566549
3362287
3091452
3152474
3398899
2691917
3128974
2516646
2407537
2560386
4062485
3054775
2571220
3971708
3876846
4404696
3424950
1751469
2810310
2822729
3689551
2664386
3504748
3778761
3155447
3747120
3157293
3235201
3771381
3610040
3563400
3731725
2539746
3695558
3461981
3610561
4095166
4329941
3379635
3647209
4040954
3825933
3058932
4548553
3912311
3937704
3139248
3223469
3671686
4319013
4703104
3010496
6356098
3280584
4221807
3128601
4439685
2028204
4683442
5164408
3570044
4586852
4536995
3170519
3768715
4747355
4778134
4917474
4295569
3066262
4175681
3802984
4725939
2873028
4102359
3723184
3379307
3943714
4330629
2840293
3082489
3705821
4120539
4108599
5681177
4226012
4412454
3802059
3197704
4762187
5231331
4976731
4992515
3578057
3899215
4873311
3528938
3766586
3285617
3887004
3603723
3386968
3495990
4506250
2612217
3915090
4260603
3880465
2990846
3938342
3931074
4408447
3596957
4786234
2773378
3284600
4703211
4591461
3932460
4256394
4291461
4339744
3447405
4527921
3161709
5780911
5620715
3915290
4358148
4434690
4239157
3613501
3353181
2917849
3682778
3327421
3258651
3458244
3317136
3038345
3787032
3875019
5139623
4051570
4788263
2726247
3474952
4755425
4317984
4927154
5519300
3621556
4596713
5435431
4990858
5174400
4395483
3744642
4831327
5134368
4787106
4515310
4223100
3905794
4936126
4999891
5641390
4596652
5591001
4019456
5307592
3730062
2535966
4660936
5420204
5537286
5247788
5206438
4571040
2628416
1249456
4923028
6229743
4949429
5996804
5788879
6641664
6692058
5791531
5483670
3642081
3533922
5665937
4574114
5631661
5543322
6190958
5119377
6242102
6462534
6045716
5072672
4546707
5125176
4290694
4921463
6175123
5068716
4250425
5855293
6544988
5144663
5480892
5529412
3716237
5522000
4556973
6155870
5193265
4026861
7027144
5013357
5418796
5543478
6039780
4969776
4393100
5332873
6148158
4623572
5628939
5136644
7301268
6189367
6196856
5631810
6263550
4596213
3840270
4354087
7413414
4630338
6767243
5483881
5366440
5601173
6475550
4810088
7231277
6359693
7070439
6266982
6074790
6235234
6062529
4839336
5613288
5866421
4653580
5773247
6643314
3973370
5571324
6482810
5374658
5587462
7709281
5973636
8307727
6991354
7258955
6431903
5298993
4049876
5488758
6527554
6411032
9842924
5032155
8047199
4723998
6022131
6293263
6456328
7380326
4954734
5777346
4883031
5120018
6618110
6082766
7434973
7573512
7895324
5038973
5733703
6514025
5926802
5692341
5388750
5273483
5691686
6876021
8008716
7530583
7829898
6906259
6079322
4542875
5767179
4078735
5151354
7121544
4966496
7228720
6871366
3723614
6730545
6585341
7409339
5588474
7473519
7451387
7320809
6117895
3483076
7033650
6720862
9881951
4213975
5467533
5614380
5741628
8098839
4798243
8194368
7921983
9639984
7593009
7990759
7714365
6159559
7469452
8889343
8172196
7044808
9125209
6845259
6615398
5280892
7009311
6408325
6366354
6702241
5776941
5447306
8551488
7172685
6875938
7267883
8500272
6719676
6316559
5431114
6219837
6463333
5832324
8732127
9128282
8728269
7982278
6870999
7567761
6699504
7573107
6428628
7930426
7455182
8224375
8538080
8104572
6405673
5937436
7756099
7705221
7895191
8453385
7145046
8232608
4998111
7756093
5635755
4730378
6566058
9663041
6763971
10148819
6940245
7515393
6881729
7437159
7200674
8525920
6094986
6164387
7545376
7498500
9184596
8383280
7037217
8445703
8813941
8253991
8641653
8772713
6756673
7936377
8164812
11201549
6632622
8184869
10493580
9701451
7589159
9581872
7595185
7591417
8745028
6613331
5589484
7278132
6235869
8418087
9567999
4609322
7993074
8591025
5673473
9650303
5711392
9206060
8776749
7897125
5261868
7838071
7092781
7371633
9021140
9507833
6121165
9503374
9552429
8945243
7421418
7090045
6077463
8171684
8685562
8020914
7912587
9274836
7456557
7635325
8228470
7743606
8256640
10044173
6257693
6569711
9070952
6095101
7498368
7761099
9935169
10464604
9456623
11282316
8124051
9242952
6865454
7457250
7653300
9971362
7595846
6875547
6815966
8059580
9059740
8305500
6558902
8219815
9836442
8810802
7462561
10469657
12683812
10825243
8235739
8149888
8506490
9372004
10674343
7722679
13246694
10725939
7153093
5960404
9101180
9105144
9930004
7463144
11460775
6861310
8021499
9899341
8018633
10577346
9252602
7797191
9922915
8825744
8634797
10852823
10463584
9244804
11709876
10646039
7987329
9669044
9500302
9437617
10001983
8892894
8649188
7927042
9659950
8579865
10007980
8747227
8383626
11700581
9946114
9872954
9513529
10459670
9762216
9360901
9579994
11454527
10226955
12903641
11408102
13391018
10249511
9807848
7582844
8670326
11047250
6613252
6550232
10311000
14615100
10767653
8626463
9563569
10537329
11375221
6691077
11335653
10633073
11154224
11332854
8286474
12730763
11481609
9997001
9265509
7044069
8428162
9764733
8793989
12872928
9635636
11039859
12723926
10267849
10394844
13222939
12410047
6514772
12736511
6905889
11431195
11514570
8487257
10972418
8880936
7533425
11138768
10958590
11840749
9666210
8798414
8371348
9897303
12629950
10566175
9932441
14022365
8864353
8145322
11591996
12213581
14165859
11668330
6802618
9451396
9204368
10977640
10251161
11084546
8660773
10535193
7866170
7526442
13101257
10181843
9702309
8643893
10852437
10584208
10173760
12317163
10594461
12908961
8850338
10652851
8768826
9005121
12555624
11384476
10198764
10351310
9952152
9412077
8667492
7780933
11108055
10725050
10865024
11141460
12506355
10594898
13792152
8879996
8561438
14071388
9403125
11426989
15036595
9382476
10993446
11016978
12231754
9440584
15074144
7583440
8758599
12895766
11772174
12384751
13156272
11502185
12606447
13942479
10142503
10026444
8982670
10575938
10370988
16092058
12671330
12305352
9633551
10216384
8971399
11086874
11199403
11359498
8425265
14957223
11474501
12803531
9292711
12153921
9411485
12328512
13718051
13686101
10970493
7960838
12965892
10312311
9364187
8072123
14353117
13156843
9569910
11786145
11439624
10365054
9654075
13545321
13270601
13055517
8221985
14041336
10808658
12947735
15098866
14985639
12222029
11464075
11801479
6870684
11565275
9858909
12606336
14549515
9837555
9422575
11511012
12308635
14842670
13745042
12179805
13752038
7796202
13432527
13666189
9256857
14278376
10973766
14666981
11462812
10969028
14199260
13597431
13656455
8377164
10065842
12170727
12380153
10857185
8787352
6521093
11314296
13238437
8640008
10983403
12137538
15464450
16176393
12760386
9694388
13943837
7866636
16392461
11289738
11807713
12593805
12277056
9222868
10020541
12942219
11571802
9670473
9323577
12533574
11993966
12769107
13523336
10823515
11550188
16568081
12756419
11126397
12486866
12825106
10347513
14247702
13889246
